20160707
20160708
20160709
20160731
20160801
20160913
20160914
20160916
20160917
20160918
20160926
20160927
20160928
20161005
20161006
20161007
20161008
20161009
20161010
20170702
20170703
20170721
20170722
20170728
20170729
20170730
20170731
20170821
20170822
20170901
20180613
20180614
20180615
20180710
20180711
20180722
20180723
20180812
20180908
20180909
20180910
20180911
20190718
20190808
20190809
20190823
20190824
20190929
20190930
20191001
20200516
20200517
20200802
20200803
20200810
20200811
20200817
20200821
20200822
20200823
20201105
20201106
20201107
20210604
20210605
20210805
20210806
20210807
20210911
20210912
20220903
20220904
20220911
20220912
20220913
20230726
20230727
20230728
20230803
20230804
20230829
20230830
20230831
20230902
20230903
20230904
20231004
20231005
20231006
