20160123
20160124
20160125
20160126
20160206
20160207
20160208
20160209
20160210
20160214
20160215
20160326
20160328
20170209
20170210
20170211
20180109
20180110
20180111
20180112
20180113
20180114
20180201
20180203
20180204
20180205
20180206
20180207
20200129
20200130
20200131
20200201
20200202
20200216
20200217
20200218
20200413
20201230
20201231
20210101
20210107
20210108
20210109
20210110
20210111
20210112
20210113
20210114
20210115
20210118
20220131
20220220
20221218
20221219
20221223
20221224
20221225
20221226
20221227
20230124
20230125
20230127
20230128
20230129
20230130
20230131
20231221
20231222
